Gamma(5) = 24 and Bessel(0.5) = 0.242268
sqrt(-2) = 0 + I1.41421, e^i*pi = -1 + I1.22465e-16 , e^i = 0.540302 + I0.841471, i^e = -0.42822 + I-0.903675, i^i = 0.20788 + I0
Float = 0.1111111119389533996582031, double = 0.1111111111111111049432054, long double = 0.1111111111111111111096053
